MAE: 0.6171081967213115
MSE: 0.8512259872131138
RMSE: 0.9226190910734038
R2 Score: 0.9630473458807466
